549153545
344823656
29012207
1093596466
2649788146
2423687932
2602236644
448645024
869347974
864842182
2547720561
617099860
994649801
210451137
1335138135
3216592320
2854196310
2356055515
1101172600
1209636225
1114727139
1012463125
1720581185
350420446
1227911044
2303184060
180065584
723717769
3284671300
2798735682
2206640731
2200377472
2458915774
1337582413
93300500
2140685705
2157198763
208026438
2354801917
1183210977
1204095376
574606162
3109995028
2052147124
1423501294
1157539822
2289978956
1277647040
1979680288
2379438589
1246118236
1610493353
2215459191
447866232
1982014035
1036361638
2316263423
2840076037
1652759555
3024056860
1395831707
1453320106
2256134271
1342625851
995412291
1459117857
3040835839
2963974212
2443634572
1258719565
1393328064
1722803867
2667309947
734313713
2692678801
2532375285
2059930595
3320248153
3586252350
1733093294
3395599899
1411016431
342957659
1947405077
907021449
2154533164
646867357
1578618904
1525024513
836795554
3493457221
1240006713
1143935498
706752615
1433731833
594152229
3291812278
810950352
2188592886
2464505758
2795202690
2585931976
2839657091
2505377712
1289536492
826973495
1824728600
3616732308
2849540180
1594455833
1252320611
2492812156
3348603470
1044536865
2524927991
962542518
2095881910
3292919831
1549486100
2722209223
379800116
1632459477
1296931022
591597609
230700652
2956834128
1152207037
2814987603
3095207574
2513603084
1059419452
857628117
535247415
825357280
444921485
1513714792
1417318492
2549131608
847967921
3580266004
21372376
3140236834
1309395631
1953724983
2979225596
1227009161
1264319322
1942752165
3082019899
2523197028
1228984626
1873559445
2671538536
1876635851
2445836873
373907891
1045330731
1793021202
3124155923
3011802585
879587468
2420084900
1720136034
2658951607
2188275974
1431992124
2731002955
1556609252
1661569516
2949023227
1722747268
2979567983
1355914665
1632037045
2469490438
2488064122
1013143408
799046624
546071250
1305038930
2805074938
751863906
1770538001
2443793119
1829690584
2235829145
3396313655
2198700277
2979927639
2743934297
914439112
2499771524
1946753386
